DME PURITY REPORT | Range: 1000000000000000 - 1000000000010000
----------------------------------------
1000000000000037
1000000000000091
1000000000000159
1000000000000187
1000000000000223
1000000000000241
1000000000000249
1000000000000259
1000000000000273
1000000000000279
1000000000000297
1000000000000357
1000000000000399
1000000000000403
1000000000000487
1000000000000513
1000000000000613
1000000000000711
1000000000000741
1000000000000783
1000000000000811
1000000000000843
1000000000000873
1000000000000921
1000000000001003
1000000000001027
1000000000001063
1000000000001089
1000000000001117
1000000000001209
1000000000001269
1000000000001293
1000000000001347
1000000000001371
1000000000001413
1000000000001491
1000000000001503
1000000000001551
1000000000001617
1000000000001623
1000000000001669
1000000000001741
1000000000001749
1000000000001819
1000000000001839
1000000000001867
1000000000001897
1000000000002037
1000000000002161
1000000000002193
1000000000002229
1000000000002247
1000000000002251
1000000000002259
1000000000002313
1000000000002347
1000000000002371
1000000000002373
1000000000002457
1000000000002467
1000000000002473
1000000000002503
1000000000002517
1000000000002551
1000000000002559
1000000000002599
1000000000002629
1000000000002667
1000000000002673
1000000000002683
1000000000002767
1000000000002769
1000000000002791
1000000000002797
1000000000002799
1000000000002821
1000000000002931
1000000000002947
1000000000002977
1000000000003001
1000000000003003
1000000000003009
1000000000003019
1000000000003049
1000000000003153
1000000000003163
1000000000003189
1000000000003247
1000000000003267
1000000000003309
1000000000003357
1000000000003423
1000000000003457
1000000000003483
1000000000003649
1000000000003681
1000000000003703
1000000000003831
1000000000003841
1000000000003871
1000000000003883
1000000000003891
1000000000003913
1000000000003937
1000000000003969
1000000000004021
1000000000004107
1000000000004167
1000000000004249
1000000000004251
1000000000004387
1000000000004407
1000000000004429
1000000000004441
1000000000004449
1000000000004477
1000000000004567
1000000000004597
1000000000004651
1000000000004659
1000000000004743
1000000000004749
1000000000004767
1000000000004783
1000000000004851
1000000000004923
1000000000005023
1000000000005049
1000000000005077
1000000000005079
1000000000005121
1000000000005133
1000000000005151
1000000000005157
1000000000005211
1000000000005283
1000000000005299
1000000000005313
1000000000005337
1000000000005373
1000000000005397
1000000000005463
1000000000005497
1000000000005541
1000000000005551
1000000000005569
1000000000005577
1000000000005593
1000000000005689
1000000000005719
1000000000005757
1000000000005803
1000000000005823
1000000000005859
1000000000005871
1000000000005997
1000000000006003
1000000000006019
1000000000006061
1000000000006079
1000000000006103
1000000000006123
1000000000006153
1000000000006213
1000000000006253
1000000000006291
1000000000006307
1000000000006327
1000000000006417
1000000000006421
1000000000006463
1000000000006543
1000000000006603
1000000000006639
1000000000006643
1000000000006663
1000000000006697
1000000000006739
1000000000006747
1000000000006751
1000000000006901
1000000000006967
1000000000007039
1000000000007093
1000000000007101
1000000000007147
1000000000007149
1000000000007153
1000000000007159
1000000000007167
1000000000007201
1000000000007207
1000000000007317
1000000000007363
1000000000007431
1000000000007443
1000000000007471
1000000000007507
1000000000007549
1000000000007599
1000000000007609
1000000000007627
1000000000007633
1000000000007647
1000000000007651
1000000000007669
1000000000007683
1000000000007807
1000000000007851
1000000000007863
1000000000007867
1000000000007887
1000000000007891
1000000000007947
1000000000007959
1000000000007969
1000000000007977
1000000000008157
1000000000008161
1000000000008239
1000000000008259
1000000000008293
1000000000008461
1000000000008469
1000000000008571
1000000000008589
1000000000008613
1000000000008629
1000000000008631
1000000000008649
1000000000008661
1000000000008683
1000000000008719
1000000000008769
1000000000008787
1000000000008791
1000000000008829
1000000000008859
1000000000008871
1000000000008907
1000000000009013
1000000000009091
1000000000009097
1000000000009139
1000000000009141
1000000000009247
1000000000009279
1000000000009369
1000000000009411
1000000000009433
1000000000009453
1000000000009489
1000000000009529
1000000000009553
1000000000009561
1000000000009583
1000000000009597
1000000000009753
1000000000009867
1000000000009909
1000000000009939
1000000000009943
1000000000009949
