10000000000000061
10000000000000069
10000000000000079
10000000000000099
10000000000000453
10000000000000481
10000000000000597
10000000000000613
10000000000000639
10000000000000669
10000000000000753
10000000000000793
10000000000000819
10000000000000861
10000000000000897
10000000000000909
10000000000000931
10000000000000949
10000000000000957
10000000000000991
10000000000001029
10000000000001101
10000000000001129
10000000000001239
10000000000001293
10000000000001311
10000000000001321
10000000000001377
10000000000001423
10000000000001477
10000000000001549
10000000000001551
10000000000001567
10000000000001657
10000000000001659
10000000000001719
10000000000001723
10000000000001731
10000000000001743
10000000000001747
10000000000001771
10000000000001789
10000000000001833
10000000000001873
10000000000001939
10000000000002013
10000000000002049
10000000000002053
10000000000002083
10000000000002137
10000000000002203
10000000000002269
10000000000002281
10000000000002359
10000000000002401
10000000000002473
10000000000002479
10000000000002517
10000000000002547
10000000000002569
10000000000002631
10000000000002643
10000000000002731
10000000000002769
10000000000002809
10000000000002823
10000000000002851
10000000000002877
10000000000002907
10000000000002931
10000000000002949
10000000000002953
10000000000003037
10000000000003049
10000000000003103
10000000000003217
10000000000003241
10000000000003267
10000000000003291
10000000000003367
10000000000003411
10000000000003417
10000000000003457
10000000000003459
10000000000003471
10000000000003499
10000000000003523
10000000000003543
10000000000003583
10000000000003619
10000000000003627
10000000000003633
10000000000003693
10000000000003711
10000000000003747
10000000000003763
10000000000003813
10000000000003861
10000000000003879
10000000000003903
10000000000003921
10000000000003991
10000000000004033
10000000000004089
10000000000004129
10000000000004153
10000000000004219
10000000000004359
10000000000004369
10000000000004431
10000000000004447
10000000000004473
10000000000004489
10000000000004503
10000000000004569
10000000000004579
10000000000004603
10000000000004627
10000000000004669
10000000000004681
10000000000004701
10000000000004717
10000000000004719
10000000000004843
10000000000004867
10000000000004887
10000000000004897
10000000000004947
10000000000005007
10000000000005023
10000000000005073
10000000000005077
10000000000005089
10000000000005151
10000000000005247
10000000000005289
10000000000005311
10000000000005313
10000000000005319
10000000000005343
10000000000005383
10000000000005469
10000000000005481
10000000000005529
10000000000005571
10000000000005611
10000000000005647
10000000000005667
10000000000005737
10000000000005761
10000000000005767
10000000000005859
10000000000005863
10000000000005979
10000000000006007
10000000000006033
10000000000006061
10000000000006151
10000000000006157
10000000000006193
10000000000006201
10000000000006207
10000000000006213
10000000000006249
10000000000006267
10000000000006343
10000000000006349
10000000000006487
10000000000006553
10000000000006571
10000000000006573
10000000000006633
10000000000006649
10000000000006733
10000000000006739
10000000000006769
10000000000006823
10000000000006847
10000000000006957
10000000000006987
10000000000006997
10000000000007023
10000000000007113
10000000000007119
10000000000007179
10000000000007233
10000000000007243
10000000000007323
10000000000007357
10000000000007359
10000000000007363
10000000000007417
10000000000007431
10000000000007443
10000000000007483
10000000000007489
10000000000007519
10000000000007531
10000000000007579
10000000000007597
10000000000007663
10000000000007711
10000000000007749
10000000000007753
10000000000007777
10000000000007807
10000000000007813
10000000000007827
10000000000007861
10000000000007869
10000000000007993
10000000000008041
10000000000008043
10000000000008089
10000000000008097
10000000000008113
10000000000008127
10000000000008131
10000000000008181
10000000000008197
10000000000008251
10000000000008289
10000000000008323
10000000000008331
10000000000008379
10000000000008427
10000000000008443
10000000000008511
10000000000008541
10000000000008583
10000000000008617
10000000000008619
10000000000008631
10000000000008649
10000000000008691
10000000000008769
10000000000008773
10000000000008797
10000000000008877
10000000000008899
10000000000008917
10000000000008937
10000000000008947
10000000000009031
10000000000009049
10000000000009067
10000000000009139
10000000000009163
10000000000009183
10000000000009193
10000000000009223
10000000000009231
10000000000009309
10000000000009339
10000000000009391
10000000000009421
10000000000009529
10000000000009637
10000000000009717
10000000000009727
10000000000009787
10000000000009813
10000000000009867
10000000000009889
10000000000009907
10000000000009913
10000000000009967
10000000000009969
10000000000009973
10000000000009991
10000000000010039
10000000000010087
10000000000010243
10000000000010249
10000000000010263
10000000000010353
10000000000010393
10000000000010479
10000000000010557
10000000000010563
10000000000010621
10000000000010653
10000000000010711
10000000000010717
10000000000010729
10000000000010767
10000000000010863
10000000000010893
10000000000010953
10000000000011023
10000000000011079
10000000000011107
10000000000011143
10000000000011163
10000000000011173
10000000000011199
10000000000011227
10000000000011251
10000000000011269
10000000000011353
10000000000011379
10000000000011419
10000000000011431
10000000000011521
10000000000011547
10000000000011551
10000000000011563
10000000000011583
10000000000011607
10000000000011647
10000000000011673
10000000000011691
10000000000011737
10000000000011743
10000000000011779
10000000000011907
10000000000011937
10000000000011949
10000000000012013
10000000000012039
10000000000012081
10000000000012097
10000000000012153
10000000000012159
10000000000012271
10000000000012313
10000000000012411
10000000000012417
10000000000012433
10000000000012447
10000000000012453
10000000000012543
10000000000012699
10000000000012717
10000000000012739
10000000000012753
10000000000012843
10000000000012879
10000000000012909
10000000000012937
10000000000013057
10000000000013081
10000000000013119
10000000000013137
10000000000013147
10000000000013171
10000000000013203
10000000000013209
10000000000013281
10000000000013423
10000000000013447
10000000000013449
10000000000013459
10000000000013473
10000000000013477
10000000000013509
10000000000013549
10000000000013563
10000000000013609
10000000000013641
10000000000013659
10000000000013687
10000000000013693
10000000000013707
10000000000013741
10000000000013743
10000000000013789
10000000000013801
10000000000013813
10000000000013921
10000000000013927
10000000000013951
10000000000013977
10000000000013983
10000000000014061
10000000000014127
10000000000014163
10000000000014239
10000000000014251
10000000000014259
10000000000014293
10000000000014301
10000000000014319
10000000000014329
10000000000014419
10000000000014461
10000000000014473
10000000000014481
10000000000014523
10000000000014527
10000000000014613
10000000000014749
10000000000014763
10000000000014809
10000000000014841
10000000000014851
10000000000014853
10000000000014881
10000000000015013
10000000000015031
10000000000015033
10000000000015099
10000000000015111
10000000000015121
10000000000015147
10000000000015169
10000000000015213
10000000000015243
10000000000015301
10000000000015327
10000000000015331
10000000000015373
10000000000015379
10000000000015451
10000000000015523
10000000000015559
10000000000015609
10000000000015651
10000000000015679
10000000000015703
10000000000015813
10000000000015829
10000000000015849
10000000000015901
10000000000015951
10000000000015973
10000000000016023
10000000000016057
10000000000016069
10000000000016077
10000000000016083
10000000000016111
10000000000016161
10000000000016219
10000000000016227
10000000000016287
10000000000016291
10000000000016339
10000000000016417
10000000000016449
10000000000016461
10000000000016471
10000000000016483
10000000000016501
10000000000016549
10000000000016573
10000000000016707
10000000000016813
10000000000016827
10000000000016881
10000000000017029
10000000000017103
10000000000017163
10000000000017211
10000000000017259
10000000000017283
10000000000017289
10000000000017323
10000000000017359
10000000000017383
10000000000017397
10000000000017431
10000000000017463
10000000000017473
10000000000017481
10000000000017493
10000000000017553
10000000000017557
10000000000017569
10000000000017583
10000000000017589
10000000000017607
10000000000017619
10000000000017659
10000000000017667
10000000000017697
10000000000017721
10000000000017749
10000000000017751
10000000000017763
10000000000017779
10000000000017827
10000000000017889
10000000000017893
10000000000017899
10000000000017991
10000000000018003
10000000000018033
10000000000018139
10000000000018177
10000000000018199
10000000000018207
10000000000018213
10000000000018247
10000000000018337
10000000000018339
10000000000018403
10000000000018421
10000000000018543
10000000000018579
10000000000018643
10000000000018669
10000000000018757
10000000000018771
10000000000018783
10000000000018813
10000000000018817
10000000000018841
10000000000018877
10000000000018913
10000000000018957
10000000000018969
10000000000018999
10000000000019023
10000000000019027
10000000000019077
10000000000019083
10000000000019101
10000000000019111
10000000000019213
10000000000019221
10000000000019279
10000000000019317
10000000000019353
10000000000019369
10000000000019377
10000000000019401
10000000000019411
10000000000019423
10000000000019429
10000000000019437
10000000000019479
10000000000019521
10000000000019591
10000000000019609
10000000000019647
10000000000019677
10000000000019759
10000000000019801
10000000000019837
10000000000019863
10000000000019867
10000000000019917
10000000000019963
10000000000019987
10000000000020053
10000000000020073
10000000000020077
10000000000020083
10000000000020131
10000000000020133
10000000000020137
10000000000020143
10000000000020209
10000000000020223
10000000000020281
10000000000020287
10000000000020319
10000000000020461
10000000000020473
10000000000020479
10000000000020491
10000000000020509
10000000000020517
10000000000020551
10000000000020559
10000000000020619
10000000000020647
10000000000020713
10000000000020733
10000000000020761
10000000000020809
10000000000020887
10000000000020971
10000000000020983
10000000000021013
10000000000021021
10000000000021027
10000000000021049
10000000000021061
10000000000021081
10000000000021093
10000000000021099
10000000000021151
10000000000021189
10000000000021201
10000000000021231
10000000000021243
10000000000021289
10000000000021301
10000000000021307
10000000000021309
10000000000021373
10000000000021397
10000000000021417
10000000000021439
10000000000021667
10000000000021747
10000000000021771
10000000000021819
10000000000021901
10000000000021921
10000000000021951
10000000000021981
10000000000022029
10000000000022063
10000000000022069
10000000000022083
10000000000022101
10000000000022173
10000000000022239
10000000000022297
10000000000022317
10000000000022369
10000000000022399
10000000000022419
10000000000022437
10000000000022447
10000000000022509
10000000000022551
10000000000022573
10000000000022603
10000000000022647
10000000000022693
10000000000022719
10000000000022723
10000000000022761
10000000000022821
10000000000022843
10000000000022867
10000000000022873
10000000000022951
10000000000023013
10000000000023031
10000000000023037
10000000000023049
10000000000023091
10000000000023161
10000000000023169
10000000000023197
10000000000023227
10000000000023283
10000000000023307
10000000000023311
10000000000023389
10000000000023403
10000000000023409
10000000000023427
10000000000023437
10000000000023463
10000000000023491
10000000000023497
10000000000023589
10000000000023623
10000000000023637
10000000000023653
10000000000023659
10000000000023667
10000000000023739
10000000000023763
10000000000023769
10000000000023779
10000000000023821
10000000000023827
10000000000023919
10000000000023923
10000000000023991
10000000000024019
10000000000024051
10000000000024063
10000000000024079
10000000000024117
10000000000024129
10000000000024157
10000000000024211
10000000000024219
10000000000024273
10000000000024283
10000000000024289
10000000000024367
10000000000024417
10000000000024423
10000000000024453
10000000000024459
10000000000024501
10000000000024519
10000000000024543
10000000000024561
10000000000024579
10000000000024621
10000000000024667
10000000000024729
10000000000024781
10000000000024799
10000000000024807
10000000000024841
10000000000024901
10000000000024913
10000000000024999
10000000000025053
10000000000025107
10000000000025117
10000000000025137
10000000000025179
10000000000025197
10000000000025237
10000000000025239
10000000000025251
10000000000025293
10000000000025353
10000000000025383
10000000000025543
10000000000025593
10000000000025647
10000000000025663
10000000000025681
10000000000025731
10000000000025747
10000000000025753
10000000000025857
10000000000025899
10000000000026017
10000000000026037
10000000000026073
10000000000026079
10000000000026119
10000000000026151
10000000000026191
10000000000026251
10000000000026263
10000000000026293
10000000000026317
10000000000026389
10000000000026391
10000000000026497
10000000000026511
10000000000026559
10000000000026709
10000000000026781
10000000000026847
10000000000026913
10000000000026977
10000000000027007
10000000000027013
10000000000027069
10000000000027087
10000000000027117
10000000000027139
10000000000027181
10000000000027277
10000000000027313
10000000000027321
10000000000027439
10000000000027517
10000000000027547
10000000000027561
10000000000027577
10000000000027591
10000000000027637
10000000000027649
10000000000027663
10000000000027669
10000000000027733
10000000000027771
10000000000027781
10000000000027783
10000000000027861
10000000000027867
10000000000027871
10000000000027957
10000000000027997
10000000000028053
10000000000028063
10000000000028099
10000000000028111
10000000000028149
10000000000028167
10000000000028183
10000000000028267
10000000000028351
10000000000028371
10000000000028419
10000000000028431
10000000000028537
10000000000028557
10000000000028561
10000000000028587
10000000000028611
10000000000028641
10000000000028671
10000000000028681
10000000000028699
10000000000028791
10000000000028809
10000000000028879
10000000000028903
10000000000028911
10000000000028923
10000000000029029
10000000000029097
10000000000029101
10000000000029107
10000000000029119
10000000000029139
10000000000029191
10000000000029217
10000000000029343
10000000000029349
10000000000029371
10000000000029373
10000000000029397
10000000000029401
10000000000029439
10000000000029493
10000000000029509
10000000000029547
10000000000029649
10000000000029667
10000000000029737
10000000000029757
10000000000029763
10000000000029779
10000000000029799
10000000000029833
10000000000029869
10000000000029877
10000000000029937
10000000000029971
10000000000030099
10000000000030127
10000000000030141
10000000000030163
10000000000030223
10000000000030247
10000000000030303
10000000000030349
10000000000030387
10000000000030393
10000000000030421
10000000000030451
10000000000030457
10000000000030459
10000000000030507
10000000000030511
10000000000030553
10000000000030561
10000000000030583
10000000000030597
10000000000030631
10000000000030723
10000000000030751
10000000000030771
10000000000030787
10000000000030841
10000000000030889
10000000000030979
10000000000030987
10000000000031017
10000000000031047
10000000000031059
10000000000031081
10000000000031147
10000000000031149
10000000000031201
10000000000031221
10000000000031233
10000000000031297
10000000000031351
10000000000031369
10000000000031407
10000000000031411
10000000000031417
10000000000031423
10000000000031429
10000000000031467
10000000000031521
10000000000031539
10000000000031599
10000000000031609
10000000000031677
10000000000031689
10000000000031747
10000000000031779
10000000000031861
10000000000031893
10000000000031903
10000000000031927
10000000000031933
10000000000031941
10000000000031957
10000000000031969
10000000000032059
10000000000032073
10000000000032083
10000000000032221
10000000000032223
10000000000032241
10000000000032281
10000000000032283
10000000000032307
10000000000032347
10000000000032349
10000000000032481
10000000000032499
10000000000032599
10000000000032617
10000000000032677
10000000000032799
10000000000032803
10000000000032827
10000000000032983
10000000000033033
10000000000033133
10000000000033237
10000000000033273
10000000000033283
10000000000033313
10000000000033357
10000000000033361
10000000000033411
10000000000033451
10000000000033453
10000000000033577
10000000000033601
10000000000033619
10000000000033621
10000000000033627
10000000000033661
10000000000033663
10000000000033717
10000000000033763
10000000000033789
10000000000033969
10000000000034027
10000000000034047
10000000000034089
10000000000034123
10000000000034167
10000000000034263
10000000000034269
10000000000034293
10000000000034377
10000000000034393
10000000000034413
10000000000034461
10000000000034477
10000000000034483
10000000000034641
10000000000034647
10000000000034677
10000000000034687
10000000000034753
10000000000034771
10000000000034867
10000000000034873
10000000000034903
10000000000034923
10000000000034969
10000000000035011
10000000000035041
10000000000035043
10000000000035137
10000000000035139
10000000000035151
10000000000035217
10000000000035271
10000000000035329
10000000000035341
10000000000035379
10000000000035389
10000000000035421
10000000000035523
10000000000035541
10000000000035569
10000000000035593
10000000000035599
10000000000035601
10000000000035653
10000000000035713
10000000000035763
10000000000035779
10000000000035781
10000000000035803
10000000000035809
10000000000035901
10000000000035943
10000000000035959
10000000000035967
10000000000035979
10000000000036121
10000000000036127
10000000000036171
10000000000036231
10000000000036303
10000000000036331
10000000000036351
10000000000036517
10000000000036523
10000000000036633
10000000000036639
10000000000036643
10000000000036693
10000000000036751
10000000000036759
10000000000036817
10000000000036829
10000000000036853
10000000000036861
10000000000036897
10000000000036919
10000000000036997
10000000000037029
10000000000037053
10000000000037077
10000000000037171
10000000000037261
10000000000037329
10000000000037353
10000000000037389
10000000000037393
10000000000037413
10000000000037497
10000000000037533
10000000000037557
10000000000037573
10000000000037581
10000000000037611
10000000000037617
10000000000037683
10000000000037777
10000000000037819
10000000000037867
10000000000037893
10000000000037897
10000000000037941
10000000000037953
10000000000037987
10000000000038001
10000000000038029
10000000000038031
10000000000038071
10000000000038073
10000000000038077
10000000000038131
10000000000038133
10000000000038157
10000000000038163
10000000000038259
10000000000038271
10000000000038311
10000000000038341
10000000000038403
10000000000038431
10000000000038439
10000000000038463
10000000000038473
10000000000038527
10000000000038539
10000000000038541
10000000000038637
10000000000038667
10000000000038677
10000000000038683
10000000000038739
10000000000038781
10000000000038871
10000000000038977
10000000000038991
10000000000039001
10000000000039057
10000000000039109
10000000000039243
10000000000039297
10000000000039367
10000000000039373
10000000000039381
10000000000039397
10000000000039403
10000000000039481
10000000000039501
10000000000039519
10000000000039661
10000000000039697
10000000000039739
10000000000039747
10000000000039849
10000000000039891
10000000000039897
10000000000039909
10000000000039919
10000000000039921
10000000000039927
10000000000039961
10000000000039963
10000000000040059
10000000000040147
10000000000040213
10000000000040279
10000000000040353
10000000000040363
10000000000040471
10000000000040503
10000000000040669
10000000000040681
10000000000040747
10000000000040759
10000000000040767
10000000000040773
10000000000040783
10000000000040861
10000000000040927
10000000000040929
10000000000040933
10000000000041053
10000000000041179
10000000000041223
10000000000041253
10000000000041257
10000000000041287
10000000000041323
10000000000041329
10000000000041353
10000000000041361
10000000000041427
10000000000041431
10000000000041497
10000000000041503
10000000000041533
10000000000041553
10000000000041761
10000000000041767
10000000000041869
10000000000041899
10000000000041907
10000000000041959
10000000000041973
10000000000041977
10000000000041991
10000000000042007
10000000000042067
10000000000042123
10000000000042183
10000000000042187
10000000000042211
10000000000042253
10000000000042291
10000000000042369
10000000000042441
10000000000042751
10000000000042769
10000000000042781
10000000000042837
10000000000042853
10000000000042867
10000000000042919
10000000000042939
10000000000043041
10000000000043063
10000000000043089
10000000000043177
10000000000043191
10000000000043233
10000000000043267
10000000000043293
10000000000043311
10000000000043329
10000000000043369
10000000000043387
10000000000043407
10000000000043419
10000000000043423
10000000000043447
10000000000043527
10000000000043561
10000000000043593
10000000000043617
10000000000043749
10000000000043783
10000000000043821
10000000000043831
10000000000043941
10000000000043971
10000000000044011
10000000000044017
10000000000044053
10000000000044079
10000000000044083
10000000000044107
10000000000044169
10000000000044251
10000000000044277
10000000000044281
10000000000044283
10000000000044293
10000000000044359
10000000000044367
10000000000044371
10000000000044407
10000000000044491
10000000000044581
10000000000044617
10000000000044643
10000000000044683
10000000000044713
10000000000044737
10000000000044793
10000000000044863
10000000000044877
10000000000044883
10000000000044949
10000000000044997
10000000000045037
10000000000045039
10000000000045061
10000000000045147
10000000000045183
10000000000045201
10000000000045301
10000000000045313
10000000000045357
10000000000045417
10000000000045439
10000000000045511
10000000000045589
10000000000045603
10000000000045739
10000000000045747
10000000000045751
10000000000045793
10000000000045813
10000000000045817
10000000000045841
10000000000045859
10000000000045889
10000000000045961
10000000000045987
10000000000045999
10000000000046047
10000000000046099
10000000000046159
10000000000046291
10000000000046411
10000000000046417
10000000000046473
10000000000046509
10000000000046519
10000000000046557
10000000000046591
10000000000046599
10000000000046611
10000000000046629
10000000000046633
10000000000046677
10000000000046729
10000000000046743
10000000000046773
10000000000046779
10000000000046827
10000000000046879
10000000000046941
10000000000047041
10000000000047053
10000000000047131
10000000000047193
10000000000047199
10000000000047217
10000000000047223
10000000000047383
10000000000047391
10000000000047419
10000000000047479
10000000000047521
10000000000047539
10000000000047557
10000000000047571
10000000000047643
10000000000047647
10000000000047661
10000000000047703
10000000000047791
10000000000047809
10000000000047821
10000000000047829
10000000000047833
10000000000047899
10000000000047913
10000000000047929
10000000000047931
10000000000047977
10000000000047991
10000000000048063
10000000000048087
10000000000048103
10000000000048111
10000000000048193
10000000000048213
10000000000048397
10000000000048439
10000000000048447
10000000000048459
10000000000048463
10000000000048477
10000000000048561
10000000000048577
10000000000048601
10000000000048631
10000000000048649
10000000000048679
10000000000048711
10000000000048741
10000000000048777
10000000000048801
10000000000048811
10000000000048813
10000000000048831
10000000000048843
10000000000048969
10000000000048999
10000000000049047
10000000000049051
10000000000049069
10000000000049071
10000000000049077
10000000000049113
10000000000049123
10000000000049177
10000000000049179
10000000000049183
10000000000049207
10000000000049219
10000000000049327
10000000000049351
10000000000049363
10000000000049383
10000000000049513
10000000000049573
10000000000049597
10000000000049629
10000000000049669
10000000000049771
10000000000049921
10000000000049923
10000000000049981
10000000000050029
10000000000050037
10000000000050091
10000000000050119
10000000000050139
10000000000050143
10000000000050167
10000000000050233
10000000000050287
10000000000050323
10000000000050367
10000000000050373
10000000000050419
10000000000050443
10000000000050449
10000000000050469
10000000000050547
10000000000050553
10000000000050611
10000000000050743
10000000000050943
10000000000050979
10000000000050989
10000000000051027
10000000000051043
10000000000051063
10000000000051069
10000000000051129
10000000000051181
10000000000051189
10000000000051337
10000000000051351
10000000000051393
10000000000051421
10000000000051471
10000000000051487
10000000000051561
10000000000051573
10000000000051597
10000000000051717
10000000000051727
10000000000051801
10000000000051823
10000000000051889
10000000000052003
10000000000052011
10000000000052033
10000000000052057
10000000000052063
10000000000052177
10000000000052219
10000000000052263
10000000000052269
10000000000052327
10000000000052357
10000000000052389
10000000000052399
10000000000052401
10000000000052467
10000000000052471
10000000000052599
10000000000052603
10000000000052651
10000000000052731
10000000000052737
10000000000052771
10000000000052791
10000000000052819
10000000000052857
10000000000052893
10000000000052929
10000000000052947
10000000000052989
10000000000053013
10000000000053023
10000000000053043
10000000000053061
10000000000053067
10000000000053079
10000000000053157
10000000000053163
10000000000053169
10000000000053181
10000000000053221
10000000000053247
10000000000053359
10000000000053383
10000000000053391
10000000000053409
10000000000053419
10000000000053439
10000000000053449
10000000000053463
10000000000053491
10000000000053533
10000000000053551
10000000000053641
10000000000053653
10000000000053761
10000000000053809
10000000000053827
10000000000053929
10000000000053983
10000000000054037
10000000000054133
10000000000054189
10000000000054199
10000000000054213
10000000000054307
10000000000054319
10000000000054357
10000000000054403
10000000000054523
10000000000054541
10000000000054573
10000000000054627
10000000000054721
10000000000054733
10000000000054769
10000000000054781
10000000000054783
10000000000054817
10000000000054819
10000000000054879
10000000000055099
10000000000055111
10000000000055137
10000000000055167
10000000000055251
10000000000055297
10000000000055341
10000000000055363
10000000000055371
10000000000055441
10000000000055459
10000000000055467
10000000000055473
10000000000055539
10000000000055561
10000000000055591
10000000000055629
10000000000055683
10000000000055687
10000000000055717
10000000000055719
10000000000055753
10000000000055797
10000000000055831
10000000000055851
10000000000055887
10000000000055927
10000000000055939
10000000000055941
10000000000055977
10000000000056109
10000000000056161
10000000000056191
10000000000056197
10000000000056203
10000000000056211
10000000000056259
10000000000056307
10000000000056373
10000000000056499
10000000000056511
10000000000056523
10000000000056527
10000000000056593
10000000000056617
10000000000056659
10000000000056697
10000000000056727
10000000000056739
10000000000056743
10000000000056767
10000000000056791
10000000000056811
10000000000056821
10000000000056917
10000000000056919
10000000000056943
10000000000056971
10000000000057033
10000000000057043
10000000000057057
10000000000057099
10000000000057163
10000000000057181
10000000000057183
10000000000057189
10000000000057237
10000000000057351
10000000000057399
10000000000057421
10000000000057429
10000000000057553
10000000000057567
10000000000057631
10000000000057741
10000000000057789
10000000000057931
10000000000057939
10000000000057957
10000000000057987
10000000000057997
10000000000058009
10000000000058017
10000000000058039
10000000000058051
10000000000058077
10000000000058197
10000000000058221
10000000000058227
10000000000058273
10000000000058279
10000000000058281
10000000000058293
10000000000058359
10000000000058417
10000000000058447
10000000000058501
10000000000058503
10000000000058527
10000000000058587
10000000000058639
10000000000058699
10000000000058701
10000000000058759
10000000000058791
10000000000058813
10000000000058821
10000000000058833
10000000000058863
10000000000058869
10000000000058903
10000000000058951
10000000000058977
10000000000059001
10000000000059019
10000000000059053
10000000000059127
10000000000059191
10000000000059233
10000000000059241
10000000000059253
10000000000059287
10000000000059373
10000000000059413
10000000000059437
10000000000059467
10000000000059539
10000000000059547
10000000000059551
10000000000059569
10000000000059581
10000000000059617
10000000000059631
10000000000059689
10000000000059709
10000000000059733
10000000000059763
10000000000059781
10000000000059799
10000000000059857
10000000000059871
10000000000060001
10000000000060027
10000000000060069
10000000000060079
10000000000060121
10000000000060153
10000000000060171
10000000000060253
10000000000060313
10000000000060327
10000000000060331
10000000000060351
10000000000060361
10000000000060373
10000000000060379
10000000000060387
10000000000060487
10000000000060517
10000000000060571
10000000000060583
10000000000060591
10000000000060613
10000000000060649
10000000000060661
10000000000060669
10000000000060751
10000000000060753
10000000000060783
10000000000060849
10000000000060879
10000000000060933
10000000000060949
10000000000060963
10000000000060997
10000000000061011
10000000000061021
10000000000061033
10000000000061041
10000000000061083
10000000000061111
10000000000061117
10000000000061177
10000000000061189
10000000000061231
10000000000061243
10000000000061257
10000000000061297
10000000000061317
10000000000061341
10000000000061353
10000000000061363
10000000000061387
10000000000061431
10000000000061441
10000000000061497
10000000000061509
10000000000061579
10000000000061597
10000000000061681
10000000000061723
10000000000061749
10000000000061761
10000000000061767
10000000000061839
10000000000061881
10000000000061893
10000000000061909
10000000000061987
10000000000061999
10000000000062103
10000000000062161
10000000000062169
10000000000062179
10000000000062217
10000000000062223
10000000000062283
10000000000062299
10000000000062307
10000000000062329
10000000000062379
10000000000062451
10000000000062493
10000000000062509
10000000000062521
10000000000062529
10000000000062571
10000000000062643
10000000000062647
10000000000062691
10000000000062713
10000000000062733
10000000000062773
10000000000062823
10000000000062859
10000000000062887
10000000000062929
10000000000062931
10000000000062983
10000000000063043
10000000000063063
10000000000063109
10000000000063169
10000000000063181
10000000000063211
10000000000063309
10000000000063331
10000000000063373
10000000000063391
10000000000063441
10000000000063517
10000000000063561
10000000000063573
10000000000063643
10000000000063649
10000000000063679
10000000000063709
10000000000063751
10000000000063763
10000000000063789
10000000000063847
10000000000063877
10000000000063883
10000000000063933
10000000000063939
10000000000063949
10000000000063979
10000000000063981
10000000000064003
10000000000064059
10000000000064077
10000000000064171
10000000000064213
10000000000064233
10000000000064257
10000000000064279
10000000000064299
10000000000064317
10000000000064329
10000000000064423
10000000000064441
10000000000064447
10000000000064519
10000000000064579
10000000000064593
10000000000064597
10000000000064609
10000000000064671
10000000000064719
10000000000064761
10000000000064797
10000000000064821
10000000000064849
10000000000064887
10000000000064897
10000000000064917
10000000000064923
10000000000064941
10000000000064989
10000000000064993
10000000000065037
10000000000065149
10000000000065199
10000000000065233
10000000000065239
10000000000065253
10000000000065331
10000000000065419
10000000000065473
10000000000065499
10000000000065557
10000000000065571
10000000000065583
10000000000065623
10000000000065637
10000000000065671
10000000000065701
10000000000065749
10000000000065781
10000000000065787
10000000000065809
10000000000065811
10000000000065847
10000000000065923
10000000000065941
10000000000065997
10000000000066007
10000000000066009
10000000000066117
10000000000066169
10000000000066171
10000000000066273
10000000000066309
10000000000066313
10000000000066319
10000000000066381
10000000000066463
10000000000066513
10000000000066529
10000000000066631
10000000000066649
10000000000066651
10000000000066663
10000000000066717
10000000000066823
10000000000066831
10000000000066871
10000000000066931
10000000000067053
10000000000067083
10000000000067101
10000000000067111
10000000000067201
10000000000067257
10000000000067309
10000000000067381
10000000000067447
10000000000067453
10000000000067461
10000000000067471
10000000000067513
10000000000067543
10000000000067611
10000000000067689
10000000000067783
10000000000067837
10000000000067839
10000000000067843
10000000000067867
10000000000067879
10000000000067893
10000000000067923
10000000000067941
10000000000067969
10000000000068083
10000000000068109
10000000000068151
10000000000068193
10000000000068209
10000000000068223
10000000000068227
10000000000068233
10000000000068241
10000000000068269
10000000000068277
10000000000068307
10000000000068311
10000000000068313
10000000000068341
10000000000068409
10000000000068433
10000000000068437
10000000000068479
10000000000068487
10000000000068541
10000000000068667
10000000000068691
10000000000068731
10000000000068853
10000000000068887
10000000000068899
10000000000068901
10000000000068919
10000000000068977
10000000000068983
10000000000069043
10000000000069097
10000000000069153
10000000000069193
10000000000069237
10000000000069283
10000000000069361
10000000000069369
10000000000069411
10000000000069463
10000000000069483
10000000000069493
10000000000069561
10000000000069579
10000000000069591
10000000000069603
10000000000069609
10000000000069687
10000000000069691
10000000000069693
10000000000069759
10000000000069769
10000000000069819
10000000000069843
10000000000069853
10000000000069913
10000000000069931
10000000000069997
10000000000069999
10000000000070027
10000000000070051
10000000000070057
10000000000070063
10000000000070111
10000000000070117
10000000000070159
10000000000070183
10000000000070233
10000000000070303
10000000000070419
10000000000070477
10000000000070527
10000000000070593
10000000000070659
10000000000070677
10000000000070737
10000000000070749
10000000000070761
10000000000070791
10000000000070819
10000000000070849
10000000000070863
10000000000070939
10000000000070959
10000000000070963
10000000000070987
10000000000071013
10000000000071049
10000000000071143
10000000000071157
10000000000071187
10000000000071203
10000000000071217
10000000000071253
10000000000071271
10000000000071293
10000000000071313
10000000000071359
10000000000071391
10000000000071413
10000000000071421
10000000000071449
10000000000071461
10000000000071481
10000000000071589
10000000000071593
10000000000071661
10000000000071677
10000000000071727
10000000000071761
10000000000071833
10000000000071997
10000000000072001
10000000000072067
10000000000072097
10000000000072157
10000000000072163
10000000000072207
10000000000072217
10000000000072219
10000000000072259
10000000000072279
10000000000072361
10000000000072363
10000000000072387
10000000000072421
10000000000072427
10000000000072451
10000000000072457
10000000000072471
10000000000072637
10000000000072669
10000000000072711
10000000000072717
10000000000072721
10000000000072751
10000000000072939
10000000000072961
10000000000073003
10000000000073029
10000000000073107
10000000000073129
10000000000073183
10000000000073261
10000000000073381
10000000000073423
10000000000073449
10000000000073459
10000000000073471
10000000000073537
10000000000073539
10000000000073543
10000000000073569
10000000000073581
10000000000073641
10000000000073669
10000000000073723
10000000000073893
10000000000073911
10000000000073957
10000000000073999
10000000000074013
10000000000074023
10000000000074047
10000000000074083
10000000000074169
10000000000074193
10000000000074281
10000000000074299
10000000000074341
10000000000074407
10000000000074437
10000000000074443
10000000000074449
10000000000074451
10000000000074509
10000000000074521
10000000000074559
10000000000074577
10000000000074583
10000000000074593
10000000000074641
10000000000074653
10000000000074661
10000000000074673
10000000000074709
10000000000074727
10000000000074803
10000000000074853
10000000000074863
10000000000074937
10000000000075051
10000000000075073
10000000000075117
10000000000075147
10000000000075243
10000000000075279
10000000000075439
10000000000075457
10000000000075469
10000000000075487
10000000000075541
10000000000075571
10000000000075607
10000000000075681
10000000000075721
10000000000075801
10000000000075849
10000000000075879
10000000000075931
10000000000075949
10000000000075991
10000000000076081
10000000000076123
10000000000076143
10000000000076147
10000000000076179
10000000000076197
10000000000076237
10000000000076263
10000000000076267
10000000000076279
10000000000076297
10000000000076309
10000000000076323
10000000000076369
10000000000076419
10000000000076441
10000000000076447
10000000000076479
10000000000076483
10000000000076497
10000000000076521
10000000000076531
10000000000076629
10000000000076707
10000000000076773
10000000000076797
10000000000076893
10000000000076981
10000000000077019
10000000000077067
10000000000077083
10000000000077133
10000000000077223
10000000000077259
10000000000077271
10000000000077277
10000000000077313
10000000000077359
10000000000077377
10000000000077401
10000000000077403
10000000000077427
10000000000077473
10000000000077499
10000000000077509
10000000000077511
10000000000077523
10000000000077551
10000000000077629
10000000000077677
10000000000077709
10000000000077739
10000000000077809
10000000000077847
10000000000077881
10000000000077889
10000000000077911
10000000000077947
10000000000078027
10000000000078069
10000000000078093
10000000000078117
10000000000078213
10000000000078241
10000000000078247
10000000000078289
10000000000078343
10000000000078391
10000000000078453
10000000000078519
10000000000078559
10000000000078601
10000000000078639
10000000000078691
10000000000078721
10000000000078741
10000000000078769
10000000000078841
10000000000078843
10000000000078867
10000000000078873
10000000000078939
10000000000078961
10000000000079041
10000000000079051
10000000000079057
10000000000079099
10000000000079119
10000000000079123
10000000000079147
10000000000079179
10000000000079251
10000000000079263
10000000000079267
10000000000079279
10000000000079399
10000000000079449
10000000000079533
10000000000079681
10000000000079689
10000000000079693
10000000000079707
10000000000079717
10000000000079741
10000000000079807
10000000000079827
10000000000079851
10000000000079911
10000000000079951
10000000000080023
10000000000080029
10000000000080047
10000000000080067
10000000000080091
10000000000080131
10000000000080161
10000000000080163
10000000000080173
10000000000080241
10000000000080257
10000000000080353
10000000000080367
10000000000080451
10000000000080583
10000000000080599
10000000000080653
10000000000080697
10000000000080751
10000000000080757
10000000000080899
10000000000080907
10000000000080941
10000000000081033
10000000000081043
10000000000081207
10000000000081229
10000000000081253
10000000000081307
10000000000081319
10000000000081381
10000000000081391
10000000000081447
10000000000081477
10000000000081517
10000000000081579
10000000000081631
10000000000081661
10000000000081673
10000000000081687
10000000000081711
10000000000081727
10000000000081787
10000000000081801
10000000000081879
10000000000081891
10000000000081907
10000000000081913
10000000000081921
10000000000082017
10000000000082039
10000000000082101
10000000000082153
10000000000082161
10000000000082173
10000000000082189
10000000000082219
10000000000082243
10000000000082269
10000000000082311
10000000000082329
10000000000082413
10000000000082429
10000000000082453
10000000000082479
10000000000082509
10000000000082563
10000000000082569
10000000000082579
10000000000082597
10000000000082657
10000000000082669
10000000000082713
10000000000082753
10000000000083001
10000000000083091
10000000000083109
10000000000083113
10000000000083161
10000000000083193
10000000000083209
10000000000083221
10000000000083241
10000000000083259
10000000000083329
10000000000083361
10000000000083413
10000000000083493
10000000000083521
10000000000083529
10000000000083551
10000000000083631
10000000000083677
10000000000083713
10000000000083833
10000000000083839
10000000000083851
10000000000083859
10000000000083883
10000000000083889
10000000000083901
10000000000083937
10000000000083953
10000000000083967
10000000000083983
10000000000084009
10000000000084043
10000000000084057
10000000000084067
10000000000084103
10000000000084111
10000000000084123
10000000000084139
10000000000084189
10000000000084301
10000000000084307
10000000000084331
10000000000084357
10000000000084363
10000000000084433
10000000000084441
10000000000084469
10000000000084477
10000000000084511
10000000000084517
10000000000084537
10000000000084543
10000000000084657
10000000000084663
10000000000084669
10000000000084673
10000000000084733
10000000000084739
10000000000084747
10000000000084763
10000000000084777
10000000000084781
10000000000084823
10000000000084847
10000000000084883
10000000000084933
10000000000084951
10000000000084993
10000000000085057
10000000000085063
10000000000085077
10000000000085197
10000000000085239
10000000000085269
10000000000085299
10000000000085341
10000000000085383
10000000000085419
10000000000085467
10000000000085651
10000000000085723
10000000000085773
10000000000085779
10000000000085827
10000000000085833
10000000000085899
10000000000085981
10000000000085987
10000000000086001
10000000000086013
10000000000086023
10000000000086043
10000000000086067
10000000000086071
10000000000086097
10000000000086149
10000000000086307
10000000000086353
10000000000086413
10000000000086419
10000000000086521
10000000000086553
10000000000086557
10000000000086661
10000000000086749
10000000000086827
10000000000086911
10000000000086989
10000000000087003
10000000000087049
10000000000087063
10000000000087079
10000000000087099
10000000000087103
10000000000087109
10000000000087151
10000000000087211
10000000000087241
10000000000087261
10000000000087267
10000000000087271
10000000000087283
10000000000087291
10000000000087333
10000000000087343
10000000000087387
10000000000087417
10000000000087547
10000000000087609
10000000000087633
10000000000087637
10000000000087693
10000000000087697
10000000000087703
10000000000087739
10000000000087789
10000000000087817
10000000000087847
10000000000087859
10000000000087907
10000000000087927
10000000000087969
10000000000088029
10000000000088051
10000000000088149
10000000000088171
10000000000088207
10000000000088209
10000000000088237
10000000000088261
10000000000088363
10000000000088389
10000000000088443
10000000000088489
10000000000088491
10000000000088561
10000000000088641
10000000000088719
10000000000088731
10000000000088737
10000000000089013
10000000000089037
10000000000089107
10000000000089133
10000000000089227
10000000000089299
10000000000089347
10000000000089349
10000000000089361
10000000000089427
10000000000089433
10000000000089481
10000000000089527
10000000000089559
10000000000089569
10000000000089571
10000000000089709
10000000000089713
10000000000089727
10000000000089761
10000000000089767
10000000000089791
10000000000089829
10000000000089833
10000000000089851
10000000000089943
10000000000089977
10000000000089991
10000000000090019
10000000000090033
10000000000090039
10000000000090069
10000000000090109
10000000000090117
10000000000090123
10000000000090211
10000000000090223
10000000000090241
10000000000090253
10000000000090351
10000000000090361
10000000000090367
10000000000090393
10000000000090427
10000000000090459
10000000000090487
10000000000090553
10000000000090577
10000000000090579
10000000000090591
10000000000090631
10000000000090729
10000000000090757
10000000000090787
10000000000090819
10000000000090879
10000000000090889
10000000000090897
10000000000090909
10000000000090931
10000000000091033
10000000000091041
10000000000091071
10000000000091077
10000000000091113
10000000000091197
10000000000091209
10000000000091219
10000000000091243
10000000000091261
10000000000091293
10000000000091359
10000000000091411
10000000000091441
10000000000091449
10000000000091489
10000000000091567
10000000000091587
10000000000091593
10000000000091749
10000000000091813
10000000000091819
10000000000091837
10000000000091869
10000000000091921
10000000000091939
10000000000092043
10000000000092073
10000000000092133
10000000000092211
10000000000092239
10000000000092253
10000000000092373
10000000000092391
10000000000092409
10000000000092491
10000000000092517
10000000000092551
10000000000092589
10000000000092607
10000000000092629
10000000000092653
10000000000092737
10000000000092779
10000000000092799
10000000000092827
10000000000092841
10000000000092881
10000000000092911
10000000000092983
10000000000093007
10000000000093049
10000000000093067
10000000000093069
10000000000093097
10000000000093099
10000000000093139
10000000000093157
10000000000093237
10000000000093291
10000000000093303
10000000000093333
10000000000093351
10000000000093357
10000000000093409
10000000000093447
10000000000093471
10000000000093541
10000000000093573
10000000000093643
10000000000093651
10000000000093657
10000000000093687
10000000000093699
10000000000093777
10000000000093793
10000000000093871
10000000000093891
10000000000093919
10000000000093927
10000000000093937
10000000000093949
10000000000093979
10000000000093993
10000000000094033
10000000000094047
10000000000094099
10000000000094107
10000000000094149
10000000000094219
10000000000094309
10000000000094329
10000000000094371
10000000000094449
10000000000094471
10000000000094551
10000000000094591
10000000000094627
10000000000094651
10000000000094653
10000000000094719
10000000000094809
10000000000094837
10000000000094887
10000000000094933
10000000000094941
10000000000095013
10000000000095197
10000000000095227
10000000000095247
10000000000095251
10000000000095271
10000000000095283
10000000000095323
10000000000095373
10000000000095463
10000000000095529
10000000000095559
10000000000095583
10000000000095647
10000000000095649
10000000000095667
10000000000095719
10000000000095769
10000000000095817
10000000000095839
10000000000095841
10000000000095983
10000000000095991
10000000000096013
10000000000096103
10000000000096147
10000000000096163
10000000000096207
10000000000096243
10000000000096303
10000000000096319
10000000000096339
10000000000096363
10000000000096367
10000000000096387
10000000000096411
10000000000096427
10000000000096507
10000000000096529
10000000000096577
10000000000096693
10000000000096697
10000000000096753
10000000000096759
10000000000096793
10000000000096807
10000000000096817
10000000000096823
10000000000096853
10000000000096861
10000000000096919
10000000000096963
10000000000096973
10000000000097017
10000000000097021
10000000000097053
10000000000097059
10000000000097071
10000000000097099
10000000000097117
10000000000097131
10000000000097297
10000000000097311
10000000000097339
10000000000097351
10000000000097399
10000000000097473
10000000000097519
10000000000097557
10000000000097563
10000000000097567
10000000000097603
10000000000097629
10000000000097741
10000000000097813
10000000000097843
10000000000097927
10000000000097959
10000000000097977
10000000000098023
10000000000098041
10000000000098109
10000000000098127
10000000000098139
10000000000098161
10000000000098217
10000000000098221
10000000000098223
10000000000098263
10000000000098271
10000000000098287
10000000000098289
10000000000098343
10000000000098377
10000000000098379
10000000000098401
10000000000098467
10000000000098469
10000000000098487
10000000000098527
10000000000098553
10000000000098623
10000000000098707
10000000000098709
10000000000098761
10000000000098847
10000000000098859
10000000000098883
10000000000098931
10000000000098949
10000000000099073
10000000000099129
10000000000099141
10000000000099171
10000000000099189
10000000000099229
10000000000099303
10000000000099349
10000000000099489
10000000000099507
10000000000099511
10000000000099561
10000000000099597
10000000000099607
10000000000099741
10000000000099799
10000000000099849
10000000000099861
10000000000099867
10000000000099873
10000000000099913
10000000000099919
10000000000099999
