10000000000000000051
10000000000000000087
10000000000000000091
10000000000000000097
10000000000000000099
10000000000000000147
10000000000000000169
10000000000000000273
10000000000000000297
10000000000000000307
10000000000000000381
10000000000000000391
10000000000000000423
10000000000000000483
10000000000000000489
10000000000000000553
10000000000000000589
10000000000000000603
10000000000000000631
10000000000000000667
10000000000000000699
10000000000000000721
10000000000000000741
10000000000000000763
10000000000000000787
10000000000000000891
10000000000000000951
10000000000000000987
